10 0.732356071472 1.4071958065
210 0.735481023788 1.37983989716
410 0.737718105316 1.38271403313
610 0.733824014664 1.4068300724
810 0.757467985153 1.39792203903
1010 0.741922140121 1.40796279907
1210 0.746481895447 1.39636993408
1410 0.733388185501 1.45760202408
1610 0.736090183258 1.42729997635
1810 0.764532089233 1.43582081795
2010 0.753018140793 1.40832996368
2210 0.734923839569 1.40655994415
2410 0.767457008362 1.39994716644
2610 0.730365037918 1.40085983276
2810 0.741969108582 1.38453793526
3010 0.735804796219 1.39515185356
3210 0.73713684082 1.39437603951
3410 0.734714984894 1.38485503197
3610 0.741343975067 1.38485312462
3810 0.728437900543 1.38520693779
4010 0.734891891479 1.39382314682
4210 0.733853816986 1.38405799866
4410 0.740570068359 1.39718699455
4610 0.73344707489 1.39909482002
4810 0.742534160614 1.38398599625
5010 0.732264995575 1.40616583824
5210 0.739263057709 1.39598298073
5410 0.733537912369 1.39345216751
5610 0.731386899948 1.38003993034
5810 0.737637996674 1.38405990601
6010 0.736831903458 1.39038395882
6210 0.728981971741 1.41555595398
6410 0.749498844147 1.44845485687
6610 0.770436048508 1.42069292068
6810 0.756591081619 1.55400800705
7010 0.745355129242 1.38279795647
7210 0.734529018402 1.79988098145
7410 0.780087947845 1.41626405716
7610 0.741485118866 1.39034605026
7810 0.76672577858 1.44488692284
8010 0.800595998764 1.47204184532
8210 0.829741954803 1.41835403442
8410 0.765758991241 1.48283195496
8610 0.739334106445 1.55861091614
8810 0.76265501976 1.40876102448
9010 0.735196113586 1.47841191292
9210 0.837178945541 1.4195330143
9410 0.746397018433 1.40113210678
9610 0.752608060837 1.39133405685
9810 0.724650859833 1.40042519569
